function [h, q] = get_perf_curve(omega)
   q = [1760,
        2200,
        2640,
        3080,
        3520,
        3960,
        4400,
        4840];

   rpm_05 = [2119,
             2562,
             3016,
             3477,
             3943,
             4411,
             4882,
             5354];

   rpm_1 = [2301,
            2715,
            3147,
            3592,
            4044,
            4502,
            4964,
            5430];

   rpm_2 = [2615,
            2994,
            3394,
            3809,
            4239,
            4678,
            5125,
            5577];

   rpm_3 = [2880,
            3240,
            3619,
            4015,
            4425,
            4847,
            5279,
            5719];

   rpm_4 = [3112,
            3461,
            3826,
            4207,
            4603,
            5011,
            5430,
            5858];

   rpm_5 = [3323,
            3660,
            4017,
            4387,
            4771,
            5169,
            5576,
            5994];

   rpm_6 = [3514,
            3845,
            4194,
            4556,
            4931,
            5320,
            5719,
            6127];

   rpm_7 = [3700,
            4021,
            4360,
            4717,
            5084,
            5464,
            5856,
            6257];

   rpm_8 = [3891,
            4183,
            4517,
            4869,
            5231,
            5604,
            5989,
            6384];

end
